O0000000001,K0000000001,20190101,103001,10,AED,0.5,25,2.5,8
O0000000002,K0000000002,20190101,103112,10,AED,0.5,25,2.5,8
O0000000003,K0000000003,20190101,111010,14,AED,0.7,25,3.5,11.2
O0000000004,K0000000004,20190101,111500,28,AED,1.4,25,7,22.4
O0000000005,K0000000005,20190101,113000,34,AED,1.7,25,8.5,27.2
O0000000006,K0000000006,20190101,120000,21,AED,1.05,25,5.25,16.8
O0000000007,K0000000004,20190101,120500,12,AED,0.6,25,3,9.6
O0000000008,K0000000006,20190101,150000,10,AED,0.5,25,2.5,8
O0000000009,K0000000007,20190101,150100,10,AED,0.5,25,2.5,8
O0000000010,K0000000008,20190102,104000,14,AED,0.7,0,0,14.7
O0000000011,K0000000009,20190102,105000,6,AED,0.3,0,0,6.3
O0000000012,K0000000010,20190102,105500,8,AED,0.4,0,0,8.4
O0000000013,K0000000011,20190102,153000,10,AED,0.5,0,0,10.5
O0000000014,K0000000012,20190102,155010,8,AED,0.4,0,0,8.4
O0000000015,K0000000013,20190102,155520,10,AED,0.5,0,0,10.5
O0000000016,K0000000014,20190102,163000,26,AED,1.3,0,0,27.3
O0000000017,K0000000015,20190102,164500,24,AED,1.2,0,0,25.2
O0000000018,K0000000016,20190102,165500,20,AED,1,0,0,21
O0000000019,K0000000017,20190102,180000,12,AED,0.6,0,0,12.6
O0000000020,K0000000011,20190103,111010,20,AED,1,0,0,21
O0000000021,K0000000012,20190103,111500,16,AED,0.8,0,0,16.8
O0000000022,K0000000016,20190103,113000,14,AED,0.7,0,0,14.7
O0000000023,K0000000017,20190103,120000,10,AED,0.5,0,0,10.5
O0000000024,K0000000006,20190103,163000,20,AED,1,0,0,21
O0000000025,K0000000004,20190103,164500,10,AED,0.5,0,0,10.5
O0000000026,K0000000018,20190103,180000,20,AED,1,0,0,21
O0000000027,K0000000019,20190104,103000,6,AED,0.3,10,0.6,5.7
O0000000028,K0000000009,20190104,103500,8,AED,0.4,10,0.8,7.6
O0000000029,K0000000010,20190104,111015,10,AED,0.5,10,1,9.5
O0000000030,K0000000011,20190104,111555,16,AED,0.8,10,1.6,15.2
O0000000031,K0000000012,20190104,113000,6,AED,0.3,10,0.6,5.7
O0000000032,K0000000016,20190104,120000,12,AED,0.6,10,1.2,11.4
O0000000033,K0000000010,20190104,120500,17,AED,0.85,0,0,17.85
O0000000034,K0000000006,20190105,150000,26,AED,1.3,0,0,27.3
O0000000035,K0000000011,20190105,150100,18,AED,0.9,0,0,18.9
O0000000036,K0000000001,20190105,150500,8,AED,0.4,0,0,8.4
O0000000037,K0000000002,20190105,160000,6,AED,0.3,0,0,6.3
O0000000038,K0000000009,20190105,163000,35,AED,1.75,0,0,36.75
O0000000039,K0000000010,20190105,170000,10,AED,0.5,0,0,10.5
O0000000040,K0000000004,20190105,173000,10,AED,0.5,0,0,10.5
